506.016921 645.424914 466.998673 645.888251 464.608765 -116.319565 762.430172 762.430172 0.000000 1.516490 1.567661 
775.003227 534.135446 745.109715 532.896520 760.488214 343.628983 190.516072 190.516072 0.000000 1.494752 1.651871 
743.031497 596.525629 714.980210 595.926374 743.381242 -58.922477 655.221565 655.221565 0.000000 1.571330 1.614140 
580.999629 725.968655 559.990736 726.217333 564.395139 521.092133 205.114637 205.114637 -0.000000 1.489927 1.592265 
363.017032 325.139776 418.111221 326.758422 389.444961 635.115191 309.856769 309.856769 0.000000 4.627337 4.805087 
691.978528 552.461417 710.002929 552.209873 718.019451 990.531856 438.741129 438.741129 -0.000000 4.653014 4.694102 
881.005451 534.170083 855.003985 533.573189 870.603301 365.370581 168.759712 168.759712 0.000000 1.509250 1.663273 
349.006671 83.146453 303.009481 82.786950 330.711079 -382.335262 465.513449 465.513449 -0.000000 1.531512 1.630284 
1185.022445 514.491323 1138.009644 514.492901 1157.022377 60.807011 454.144858 454.144858 -0.000000 1.509157 1.612679 
529.033111 887.866579 510.989316 888.074995 516.835893 701.198078 186.869429 186.869429 -0.000000 1.505547 1.602072 
303.021700 679.155451 275.000983 679.074176 298.425887 -79.302373 758.440898 758.440898 -0.000000 1.564737 1.601675 
843.007563 656.762304 808.991068 657.099808 821.835137 136.634279 520.415534 520.415534 -0.000000 1.530113 1.595469 
825.038410 382.436492 797.916712 383.068652 809.853773 294.664041 89.144509 89.144509 -0.000000 1.399492 1.705012 
263.989850 64.730308 281.000997 64.830094 270.511384 220.007416 155.969430 155.969430 0.000000 4.670414 4.779884 
236.000806 791.116022 256.006787 790.977048 243.485972 1000.660226 209.746568 209.746568 -0.000000 4.676683 4.772031 
776.955357 505.618661 795.996034 506.143809 783.459609 778.290066 272.516519 272.516519 0.000000 4.688540 4.758421 
709.000657 281.032531 734.000793 281.992499 710.482000 555.961829 275.090724 275.090724 -0.000000 4.707001 4.798024 
967.025105 440.971518 944.987978 440.873610 961.798648 159.483805 281.637216 281.637216 0.000000 1.552231 1.630467 
858.022845 355.952442 821.943696 355.165042 853.577453 60.717293 295.259964 295.259964 -0.000000 1.555740 1.677820 
982.989145 444.112857 1002.010769 443.880119 995.452351 579.039043 135.143894 135.143894 -0.000000 4.620280 4.760875 
416.999330 702.097670 383.914164 704.282500 350.813587 127.098017 578.078413 578.078413 -0.000000 1.456195 1.513511 
400.197421 370.562212 366.995938 371.069437 376.276579 -519.881253 890.947245 890.947245 -0.000000 1.543939 1.581213 
365.045933 801.698626 333.960499 802.539210 341.490114 456.765910 345.821824 345.821824 0.000000 1.502611 1.592569 
727.000108 415.107048 773.001073 415.060491 747.160569 1240.810853 825.756226 825.756226 -0.000000 4.687978 4.743672 
1180.999352 436.940327 1161.979872 437.146919 1170.998819 213.676553 223.458050 223.458050 -0.000000 1.526034 1.611133 
274.998221 490.755835 244.999813 490.974367 250.973471 179.468399 311.634306 311.634306 -0.000000 1.493770 1.589971 
672.014051 842.201829 634.996414 842.438063 654.427592 661.862685 180.794077 180.794077 0.000000 1.473585 1.677991 
746.085996 580.308996 710.986256 578.929654 739.458545 277.334919 302.532583 302.532583 -0.000000 1.548925 1.664923 
891.421257 315.324240 920.007856 312.862932 909.823314 468.909898 155.991273 155.991273 -0.000000 4.593141 4.777562 
381.006340 223.418141 349.998822 223.293875 373.931812 -448.994627 672.652963 672.652963 -0.000000 1.560276 1.606381 
972.998296 521.112455 1003.013723 520.733668 990.472379 823.040562 302.201879 302.201879 0.000000 4.654578 4.753851 
788.999879 643.974539 815.000003 643.977769 793.889770 1362.194531 718.274870 718.274870 0.000000 4.705581 4.741773 
957.983899 412.939869 977.978031 413.282392 963.388176 622.187739 209.123653 209.123653 0.000000 4.686568 4.782115 
706.980525 386.903490 724.015721 387.270694 709.945823 661.926451 274.942918 274.942918 0.000000 4.701607 4.763572 
297.770914 79.234692 288.968364 64.992541 292.960331 73.709874 10.526757 5.678215 1.479815 0.854394 4.282956 
709.032765 146.275317 677.839381 146.133339 696.388763 -115.482638 261.369553 261.369553 0.000000 1.522530 1.641581 
433.072782 800.199221 411.963524 800.897822 410.534933 240.792046 560.083743 560.083743 -0.000000 1.530529 1.568246 
924.979326 312.970600 939.015558 313.269569 929.003530 889.537448 576.558174 576.558174 0.000000 4.705409 4.729761 
771.964230 426.103462 753.992838 426.820478 768.695242 -106.577871 533.499057 533.499057 -0.000000 1.564660 1.598353 
695.999392 179.151763 734.998766 179.308041 712.961568 467.741719 288.781569 288.781569 0.000000 4.653680 4.788644 
754.012069 118.912307 791.010833 119.126199 774.347928 326.286103 207.589674 207.589674 0.000000 4.614638 4.792651 
267.030705 652.091473 252.783673 651.284152 259.226360 601.998382 50.368535 50.368535 -0.000000 1.416242 1.700780 
401.981817 167.034569 430.990431 167.544418 387.434872 1169.044026 1002.315658 1002.315658 0.000000 4.726906 4.755852 
711.000894 175.662649 682.999890 175.672054 695.498734 76.416716 99.725385 99.725385 0.000000 1.415849 1.696063 
680.999758 583.380588 702.001022 583.393952 690.004248 660.932061 77.808939 77.808939 -0.000000 4.596797 4.865893 
118.051771 322.249122 99.793828 320.990293 114.754277 98.463992 223.510115 223.510115 0.000000 1.556062 1.637925 
873.982602 461.202652 892.006783 461.090553 884.176785 549.004876 88.154028 88.154028 0.000000 4.596803 4.801219 
846.003130 205.905281 815.996574 206.009025 830.176499 40.828877 165.381819 165.381819 0.000000 1.475214 1.656432 
329.033918 303.676967 311.980217 304.021890 319.964116 209.752520 94.297611 94.297611 0.000000 1.474530 1.655287 
663.048012 537.695333 690.057123 538.258002 668.907460 725.652031 188.410964 188.410964 0.000000 4.681225 4.824775 
413.004572 163.008216 359.959968 160.881981 407.002181 -234.852998 397.915347 397.915347 -0.000000 1.555711 1.689114 
715.039781 340.864030 670.918792 339.318933 709.915768 -44.920399 385.624245 385.624245 -0.000000 1.557515 1.671941 
693.001271 641.492907 674.001390 641.445301 673.149365 222.254400 419.607673 419.607673 0.000000 1.523479 1.568764 
1080.018754 321.724208 1027.975966 323.071936 1035.967290 -468.184962 790.933532 790.933532 -0.000000 1.515086 1.580896 
202.998323 164.301065 233.014103 164.468273 214.122222 425.781051 261.725776 261.725776 -0.000000 4.669873 4.784559 
848.990795 253.605646 878.014488 254.046765 850.870776 830.354597 576.694772 576.694772 -0.000000 4.709129 4.759454 
822.999223 131.080599 781.003122 130.675963 816.140439 -926.769227 1057.831273 1057.831273 0.000000 1.564313 1.604013 
204.008264 160.259194 167.573197 157.490737 191.011647 -32.361465 192.606522 192.606522 -0.000000 1.503426 1.693631 
341.029147 160.144901 311.911235 159.744319 340.449484 -789.186292 949.100241 949.100241 0.000000 1.570186 1.600861 
853.003823 298.228322 879.266200 299.919873 864.735654 631.558725 333.465250 333.465250 0.000000 4.677208 4.756175 
302.943816 110.186950 333.060607 109.969215 317.250524 358.254980 248.468318 248.468318 -0.000000 4.654780 4.775980 
1125.978819 218.877953 1078.916134 219.766541 1099.751789 -815.716786 1035.031613 1035.031613 0.000000 1.545452 1.590915 
427.004804 450.751369 409.993514 450.685924 419.459537 292.055304 158.876773 158.876773 -0.000000 1.523287 1.630399 
100.999917 337.917300 70.998943 337.947413 94.402942 -228.672790 566.676067 566.676067 -0.000000 1.559154 1.612077 
656.943265 193.548222 683.943652 194.537659 657.197796 552.558932 358.879842 358.879842 0.000000 4.711680 4.786955 
1135.989101 320.732600 1111.947523 321.712505 1050.592553 -681.744144 1005.832931 1005.832931 -0.000000 1.485816 1.509729 
1031.916561 428.489721 1070.040635 427.222519 1083.030900 1621.279438 1194.043507 1194.043507 0.000000 4.669562 4.701510 
811.032883 521.777102 793.983209 522.092589 772.600198 -217.748158 740.324804 740.324804 -0.000000 1.518874 1.541902 
506.941074 118.443164 530.106609 119.389044 472.604503 1148.281337 1030.391674 1030.391674 0.000000 4.745718 4.768218 
1085.957541 503.940086 1124.056638 502.413866 1125.828627 897.929001 395.493443 395.493443 -0.000000 4.611534 4.707909 
1064.002315 471.245706 1012.016354 471.735562 1019.373406 -425.754331 897.572917 897.572917 0.000000 1.521084 1.578994 
761.006287 656.013958 740.007141 655.880069 748.511733 560.430566 95.893362 95.893362 -0.000000 1.440814 1.659662 
218.030693 176.495130 183.999135 175.921046 205.022377 -161.390786 337.553189 337.553189 0.000000 1.532316 1.633042 
900.005249 355.118641 862.742319 356.334596 881.383056 -69.192122 424.556111 424.556111 0.000000 1.526936 1.614575 
807.989368 269.344456 857.025126 268.549150 844.398277 986.062705 717.493979 717.493979 0.000000 4.661633 4.729985 
79.015142 401.261317 52.706361 399.968278 66.220557 330.082166 71.964545 71.964545 -0.000000 1.392944 1.761813 
769.022654 160.914532 749.992713 161.062449 767.601169 -954.812038 1115.897175 1115.897175 -0.000000 1.569522 1.586575 
218.009089 804.526963 189.912157 805.931152 200.029204 636.237289 169.122179 169.122179 0.000000 1.464361 1.630345 
1131.002877 366.866437 1163.002524 366.760197 1141.117744 648.561552 281.948445 281.948445 0.000000 4.676497 4.789894 
691.953660 209.647528 725.002636 209.190709 714.749196 439.481216 230.507887 230.507887 -0.000000 4.613530 4.756884 
531.994580 672.430603 547.012256 672.287661 540.578824 748.093300 75.879282 75.879282 -0.000000 4.599418 4.797054 
1034.975444 296.692162 1084.014484 295.771422 1076.578015 843.001231 547.238927 547.238927 0.000000 4.636384 4.725977 
923.004582 194.929546 888.987861 195.195718 896.769886 -784.252647 979.353660 979.353660 0.000000 1.544010 1.578741 
332.198428 205.809921 288.985712 207.531951 301.000354 45.216257 163.180455 163.180455 -0.000000 1.378919 1.644682 
477.030628 281.745268 455.969947 281.231182 482.638506 -250.350796 532.106898 532.106898 0.000000 1.581335 1.620923 
901.990535 119.696306 940.999483 121.011007 895.389108 717.458426 597.931775 597.931775 0.000000 4.723432 4.788711 
35.995713 175.229306 54.002469 175.292099 44.020092 327.611414 152.666581 152.666581 0.000000 4.659778 4.777831 
952.024915 517.258584 925.945729 517.382484 944.937538 75.908181 441.622491 441.622491 -0.000000 1.554739 1.613789 
253.996935 437.754865 222.001523 437.624957 229.182438 -158.070735 596.044367 596.044367 -0.000000 1.529173 1.582850 
284.997002 412.270230 313.001566 412.336323 284.132925 1180.595043 768.561131 768.561131 0.000000 4.713514 4.749948 
874.279270 447.723451 899.121008 445.899958 888.613326 530.451170 85.389454 85.389454 0.000000 4.540824 4.836031 
65.054650 821.424472 40.856238 821.005896 59.863688 614.136500 206.896300 206.896300 0.000000 1.545759 1.662420 
678.999601 175.741326 649.998129 175.786033 656.556430 -220.349257 396.234530 396.234530 0.000000 1.514195 1.587351 
969.004221 673.386801 909.000454 674.041587 931.510937 -467.797934 1141.691460 1141.691460 -0.000000 1.537953 1.590508 
1016.190241 308.002923 976.978618 308.559753 998.233438 77.977211 230.924236 230.924236 -0.000000 1.492890 1.662715 
934.908325 253.738099 959.032585 253.801728 945.433822 393.084604 139.986486 139.986486 -0.000000 4.636997 4.809715 
277.161657 302.580843 233.988824 304.230611 249.619388 -4.539689 308.580020 308.580020 0.000000 1.481357 1.621375 
236.014450 191.959553 209.991693 191.598141 223.602221 26.496067 165.456779 165.456779 0.000000 1.495922 1.653047 
180.933070 147.676667 196.107762 147.726641 183.687129 857.487435 709.617660 709.617660 0.000000 4.708509 4.729887 
134.000195 820.589844 80.999781 820.582499 98.372671 -2.729698 823.529553 823.529553 -0.000000 1.527550 1.591894 
985.946860 504.941490 1015.024955 504.436269 1005.282768 757.061669 252.656466 252.656466 -0.000000 4.635846 4.750934 
1046.946431 411.327321 1076.993803 411.375746 1060.156491 654.985575 243.739286 243.739286 -0.000000 4.658226 4.781395 
686.148150 490.039216 671.993280 490.039596 679.297825 376.546655 113.977262 113.977262 0.000000 1.510510 1.635069 
268.016040 160.455712 218.988936 160.995925 229.469722 -523.052073 684.102416 684.102416 0.000000 1.514461 1.586117 
47.999968 669.006698 28.985866 668.914491 38.048940 511.188976 157.933883 157.933883 0.000000 1.507826 1.628194 
1039.000814 132.695634 1017.000198 132.681910 1026.275210 -174.110979 307.014147 307.014147 0.000000 1.529342 1.601019 
59.004399 127.785502 36.156412 125.949174 54.452288 26.234284 101.669704 101.669704 -0.000000 1.526001 1.752260 
76.490697 249.960730 57.994836 251.771212 66.866527 153.031945 99.130621 99.130621 0.000000 1.471830 1.660405 
1014.873398 413.663195 1030.232176 413.178762 1021.032493 453.870686 41.905759 41.905759 0.000000 4.560388 4.934732 
800.478523 743.491413 805.887704 731.047102 808.017495 739.779510 11.695541 7.969997 0.429849 2.684074 4.473164 
836.027759 625.975773 823.952187 626.319299 828.558655 572.607708 53.848522 53.848522 -0.000000 1.431745 1.656350 
420.971754 326.003003 445.123433 326.240442 421.164294 758.942501 432.814897 432.814897 0.000000 4.711944 4.767703 
1025.974710 455.300164 998.973833 456.275894 1010.494282 361.049572 95.047597 95.047597 -0.000000 1.408002 1.691191 
273.001902 583.847112 249.005617 583.548550 259.709905 366.563801 217.417160 217.417160 0.000000 1.509699 1.620088 
1113.949187 207.702169 1055.000127 209.005750 1058.122770 -889.830112 1098.590064 1098.590064 -0.000000 1.519975 1.573638 
97.019661 205.309352 73.952951 204.652695 91.144093 -34.267803 239.439540 239.439540 0.000000 1.546277 1.642626 
965.836342 778.000194 965.856528 795.000170 916.055367 786.738956 50.064469 50.064469 0.000000 6.109412 0.164387 
45.857474 159.431468 73.008655 159.328493 47.104678 538.601945 379.775238 379.775238 -0.000000 4.709100 4.780582 
25.018497 630.312084 44.011048 629.186396 66.235731 1195.639231 566.876546 566.876546 0.000000 4.639609 4.673174 
1009.009601 520.612880 1034.956236 520.206403 1029.403882 798.336116 278.208205 278.208205 -0.000000 4.639087 4.732350 
254.923290 465.493217 272.181068 466.104499 264.612404 518.745449 53.910513 53.910513 0.000000 4.532410 4.855189 
1141.889964 722.982716 1151.012836 727.007636 1147.299871 722.527613 6.424974 5.463850 -0.999264 3.057666 0.878750 
834.907367 104.859603 852.054313 104.192107 843.444749 374.272444 269.622128 269.622128 -0.000000 4.680711 4.744256 
659.014204 705.304699 674.028194 704.604811 670.987829 787.085905 82.359497 82.359497 -0.000000 4.567011 4.749234 
290.008576 276.505966 268.980717 276.862396 275.446734 47.919821 228.915889 228.915889 -0.000000 1.507178 1.599032 
150.989158 194.914264 173.021635 195.175531 163.991369 800.759250 605.784306 605.784306 0.000000 4.690931 4.727300 
1090.011113 161.357377 1060.978616 161.160967 1072.310888 -91.944852 253.520284 253.520284 0.000000 1.501032 1.615539 
205.034264 133.700444 184.995462 133.172095 210.844426 -207.124819 340.939793 340.939793 -0.000000 1.587842 1.646611 
1021.008993 323.473450 1001.986089 323.361384 1011.425087 57.779783 265.640936 265.640936 0.000000 1.534741 1.606322 
195.958162 493.204463 220.994099 491.887797 231.772017 1159.196696 667.322798 667.322798 -0.000000 4.658666 4.696239 
725.901530 748.011511 726.195800 724.964196 853.453956 735.831979 127.597777 127.597777 0.000000 3.046395 3.226785 
333.967365 621.456946 322.947069 622.119205 410.524185 620.932923 95.276590 2.859373 -0.007392 3.134748 3.128048 
281.995460 478.280204 310.120856 478.392672 286.940258 821.150422 343.037704 343.037704 0.000000 4.697968 4.779916 
279.001681 263.528148 249.926012 262.798455 267.872081 -96.387094 360.032558 360.032558 0.000000 1.539883 1.620718 
116.989902 353.788374 69.993166 354.180065 91.766248 -583.191620 937.254973 937.254973 -0.000000 1.543883 1.594020 
297.031943 335.737839 309.052706 335.217428 301.449965 391.352690 55.664193 55.664193 0.000000 4.633116 4.847006 
578.751145 500.973110 578.255684 523.983974 496.413302 511.879114 82.492204 82.492204 -0.000000 6.151498 0.146840 
1041.980927 458.883680 1061.036801 459.294981 1041.759264 885.439114 426.612340 426.612340 0.000000 4.712909 4.757595 
969.963379 788.106705 979.249118 780.774102 981.085748 796.382976 19.945118 8.064224 1.135127 3.781314 4.595262 
653.054400 222.580933 665.792676 224.997648 648.566341 346.113176 123.597234 123.597234 0.000000 4.748704 4.853672 
1109.935496 178.896152 1138.005922 178.407767 1127.172963 305.241469 126.938829 126.938829 -0.000000 4.576795 4.797593 
708.855876 585.064903 733.960041 585.366941 716.697705 756.130151 172.232281 172.232281 0.000000 4.666580 4.813136 
793.965471 149.411192 809.054310 149.780387 802.194237 250.816744 101.663218 101.663218 0.000000 4.631419 4.780182 
433.001998 464.001095 415.999020 464.018070 410.597903 -406.818384 870.947974 870.947974 0.000000 1.545074 1.564594 
52.992160 725.253137 73.012706 725.219830 63.346027 846.262184 121.157375 121.157375 0.000000 4.627034 4.792082 
483.082831 449.503725 460.041883 450.265995 468.985564 300.509627 149.822180 149.822180 -0.000000 1.476461 1.630447 
968.579931 504.201937 986.207309 506.241185 972.036243 659.618520 154.534710 154.534710 -0.000000 4.690154 4.804521 
211.011630 748.039559 190.990347 747.797115 202.166075 667.175559 81.756040 81.756040 -0.000000 1.461841 1.708538 
103.028393 806.296259 79.994820 806.581070 88.420900 705.413668 101.597139 101.597139 -0.000000 1.426999 1.653893 
905.997101 22.601010 871.991631 22.848080 882.306370 -315.619233 338.641770 338.641770 0.000000 1.500865 1.601262 
619.031480 18.480452 605.897924 17.684674 619.366916 -76.081308 94.511338 94.511338 0.000000 1.574344 1.713465 
467.056255 321.725080 428.969269 322.511322 445.537365 164.809558 157.712950 157.712950 0.000000 1.434510 1.675472 
158.005408 158.239525 125.797064 156.970240 150.894386 -88.441090 247.018319 247.018319 -0.000000 1.541977 1.672708 
906.523066 574.932754 919.893841 565.853162 913.263342 569.474807 9.271544 6.668958 -1.506281 2.460934 5.783256 
280.995316 625.799740 306.998822 625.698257 289.762419 775.641888 150.295979 150.295979 0.000000 4.653947 4.826839 
701.922499 225.092885 736.028726 223.706884 729.406005 573.510335 349.451339 349.451339 -0.000000 4.633671 4.731319 
153.993596 614.102490 172.048075 615.230577 142.794890 1008.814291 395.029586 395.029586 -0.000000 4.740753 4.786578 
1187.274389 357.674894 1197.335052 354.153739 1190.118910 352.013629 7.092103 6.397642 -0.120092 2.036405 0.288309 
170.079326 601.324842 191.004307 600.071938 184.842648 716.376826 116.399341 116.399341 -0.000000 4.584768 4.765318 
166.896397 877.896295 177.068717 877.395330 172.819974 917.694414 40.176436 40.176436 0.000000 4.564633 4.817431 
41.463977 695.117096 42.191977 686.015355 93.926490 692.540942 52.263764 52.263764 -0.000000 3.092527 3.267066 
205.032547 855.383999 185.980063 854.377346 228.380401 457.033761 399.161833 399.161833 0.000000 1.629341 1.677104 
